16:11:24	453247965	26.4	390055024	-4692.5	434833242	-0.221
16:11:25	453255314	27.3	393451019	-4336.2	434831795	-0.2
16:11:25	453252216	26.9	393890210	-4290.1	434828078	-0.148
16:11:25	453249316	26.6	393738053	-4306.1	434827331	-0.138
16:11:26	453253304	27.0	393467627	-4334.5	434826038	-0.119
16:11:26	453249524	26.6	393173532	-4365.3	434822355	-0.067
16:11:27	453249911	26.6	392874718	-4396.7	434823903	-0.089
16:11:27	453248844	26.5	392574951	-4428.1	434824210	-0.094
16:11:27	453247488	26.4	392275004	-4459.6	434824271	-0.094
16:11:28	453244933	26.1	391975017	-4491.1	434824287	-0.095
16:11:28	453239860	25.5	391675021	-4522.5	434822006	-0.062
16:11:29	453230834	24.4	391375016	-4554.0	434821545	-0.056
16:11:29	453231315	24.5	391075016	-4585.5	434822598	-0.071
16:11:29	453232559	24.6	390775018	-4617.0	434820523	-0.042
16:11:30	453231671	24.5	390475022	-4648.4	434818966	-0.02
16:11:30	453228068	24.1	390175024	-4679.9	434817508	0.001
16:11:31	453233057	24.7	389875021	-4711.4	434818361	-0.011
16:11:31	453234046	24.8	389575011	-4742.9	434818533	-0.013
16:11:32	453237676	25.2	389275014	-4774.3	434821994	-0.062
16:11:32	453238412	25.3	388975015	-4805.8	434822688	-0.072
16:11:32	453238557	25.3	388675012	-4837.3	434823971	-0.09
16:11:33	453239720	25.5	388375008	-4868.8	434824223	-0.094
16:11:33	453236522	25.1	388075021	-4900.2	434826564	-0.127
16:11:34	453237034	25.1	387775024	-4931.7	434827031	-0.133
16:11:34	453240559	25.6	387475014	-4963.2	434831697	-0.199
16:11:34	453237841	25.2	387175012	-4994.7	434834914	-0.244
16:11:35	453233873	24.8	386875007	-5026.1	434833270	-0.221
16:11:35	453228509	24.1	386575015	-5057.6	434834083	-0.233
16:11:36	453230855	24.4	386275020	-5089.1	434830820	-0.187
16:11:36	453235893	25.0	385975019	-5120.6	434827879	-0.145
16:11:36	453234620	24.9	385675012	-5152.0	434825010	-0.105
16:11:37	453235503	25.0	385375013	-5183.5	434822146	-0.064
16:11:37	453237968	25.3	385075009	-5215.0	434819291	-0.024
16:11:38	453240757	25.6	384775011	-5246.5	434818719	-0.016
16:11:38	453244738	26.0	384475019	-5277.9	434818604	-0.014
16:11:38	453243245	25.9	384175009	-5309.4	434820865	-0.046
16:11:39	453241801	25.7	383875011	-5340.9	434820173	-0.037
16:11:39	453243799	25.9	383575010	-5372.4	434820036	-0.035
16:11:40	453239628	25.4	383275022	-5403.9	434820008	-0.034
16:11:40	453238793	25.3	382975021	-5435.3	434822289	-0.066
16:11:40	453239766	25.5	382675021	-5466.8	434822744	-0.073
16:11:41	453241109	25.6	382375015	-5498.3	434821695	-0.058
16:11:41	453244802	26.1	382075009	-5529.8	434822628	-0.071
16:11:42	453247828	26.4	381775016	-5561.2	434827384	-0.138
16:11:42	453242715	25.8	381475008	-5592.7	434829479	-0.168
16:11:42	453246268	26.2	381175021	-5624.2	434831039	-0.19
16:11:43	453246979	26.3	380875018	-5655.7	434829069	-0.162
16:11:43	453243698	25.9	380575017	-5687.1	434833246	-0.221
16:11:44	453239614	25.4	380275018	-5718.6	434832935	-0.217
16:11:44	453233085	24.7	379975020	-5750.1	434834021	-0.232
16:11:44	453230636	24.4	379675021	-5781.6	434834235	-0.235
16:11:45	453233563	24.7	379375010	-5813.0	434835418	-0.252
16:11:45	453235289	24.9	379075016	-5844.5	434827660	-0.142
16:11:46	453236784	25.1	378775023	-5876.0	434821536	-0.056
16:11:46	453239365	25.4	378475011	-5907.5	434818024	-0.006
16:11:47	453244460	26.0	378175020	-5938.9	434816180	0.02
16:11:47	453250047	26.7	377875010	-5970.4	434814668	0.041
16:11:47	453254589	27.2	377575018	-6001.9	434812082	0.078
16:11:48	453257786	27.6	377275016	-6033.4	434808134	0.133
16:11:48	453257285	27.5	376975011	-6064.8	434814198	0.048
16:11:49	453258333	27.6	376675020	-6096.3	434818842	-0.018
16:11:49	453258541	27.7	376375024	-6127.8	434819772	-0.031
16:11:49	453258582	27.7	376075011	-6159.3	434823385	-0.082
16:11:50	453258591	27.7	375775016	-6190.7	434824110	-0.092
16:11:50	453251730	26.9	375475010	-6222.2	434825397	-0.11
16:11:51	453243507	25.9	375175014	-6253.7	434829082	-0.162
16:11:51	453240710	25.6	374875008	-6285.2	434832104	-0.205
16:11:51	453236722	25.1	374575018	-6316.6	434831564	-0.197
16:11:52	453234780	24.9	374275015	-6348.1	434825745	-0.115
16:11:52	453229821	24.3	373975011	-6379.6	434825724	-0.115
16:11:53	453231127	24.5	373675021	-6411.1	434825719	-0.115
16:11:53	453234803	24.9	373375024	-6442.5	434821145	-0.05
16:11:53	453238980	25.4	373075023	-6474.0	434822519	-0.07
16:11:54	453239802	25.5	372775017	-6505.5	434817076	0.007
16:11:54	453238830	25.4	372475017	-6537.0	434815987	0.022
16:11:55	453237500	25.2	372175019	-6568.4	434819202	-0.023
16:11:55	453240654	25.6	371875017	-6599.9	434818699	-0.016
16:11:55	453235566	25.0	371575011	-6631.4	434818598	-0.014
16:11:56	453235694	25.0	371275020	-6662.9	434822010	-0.063
16:11:56	453235723	25.0	370975019	-6694.3	434818116	-0.008
16:11:57	453233447	24.7	370675014	-6725.8	434823054	-0.077
16:11:57	453235266	24.9	370375011	-6757.3	434826329	-0.123
16:11:57	453234498	24.8	370075019	-6788.8	434829266	-0.165
16:11:58	453235486	25.0	369775009	-6820.2	434830999	-0.189
16:11:58	453239105	25.4	369475017	-6851.7	434831348	-0.194
16:11:59	453240975	25.6	369175020	-6883.2	434831415	-0.195
16:11:59	453239057	25.4	368875024	-6914.7	434831431	-0.195
16:11:59	453244392	26.0	368575010	-6946.1	434829143	-0.163
16:12:00	453245459	26.1	368275009	-6977.6	434828685	-0.157
16:12:00	453250241	26.7	367975020	-7009.1	434825169	-0.107
16:12:01	453248915	26.5	367675021	-7040.6	434823321	-0.081
16:12:01	453247503	26.4	367375022	-7072.0	434820667	-0.044
16:12:02	453241510	25.7	367075017	-7103.5	434816706	0.012
16:12:02	453246031	26.2	366775009	-7135.0	434818201	-0.009
16:12:02	453244651	26.0	366475014	-7166.5	434818501	-0.013
16:12:03	453244366	26.0	366175013	-7197.9	434816273	0.018
16:12:03	453240878	25.6	365875014	-7229.4	434818116	-0.008
16:12:04	453241332	25.6	365575011	-7260.9	434818480	-0.013
16:12:04	453239128	25.4	365275018	-7292.4	434821983	-0.062
16:12:04	453239833	25.5	364975024	-7323.9	434826112	-0.12
16:12:05	453235400	25.0	364675018	-7355.3	434825794	-0.116
16:12:05	453232240	24.6	364375015	-7386.8	434828021	-0.147
16:12:06	453232743	24.6	364075013	-7418.3	434826180	-0.121
16:12:06	453232848	24.7	363775017	-7449.8	434823527	-0.084
16:12:06	453231723	24.5	363475018	-7481.2	434824136	-0.092
16:12:07	453230355	24.4	363175013	-7512.7	434821975	-0.062
16:12:07	453227799	24.1	362875012	-7544.2	434818113	-0.008
16:12:08	453225006	23.7	362575019	-7575.7	434818483	-0.013
16:12:08	453222161	23.4	362275011	-7607.1	434815127	0.035
16:12:08	453218155	22.9	361975009	-7638.6	434814459	0.044
16:12:09	453219642	23.1	361675012	-7670.1	434815464	0.03
16:12:09	453222223	23.4	361375012	-7701.6	434814525	0.043
16:12:10	453227315	24.0	361075020	-7733.0	434815478	0.03
16:12:10	453228335	24.1	360775011	-7764.5	434817957	-0.005
16:12:10	453231967	24.6	360475022	-7796.0	434817308	0.004
16:12:11	453233839	24.8	360175017	-7827.5	434818321	-0.01
16:12:11	453238778	25.3	359875021	-7858.9	434821951	-0.062
16:12:12	453243204	25.9	359575013	-7890.4	434824965	-0.104
16:12:12	453240654	25.6	359275023	-7921.9	434825565	-0.113
16:12:12	453238999	25.4	358975022	-7953.4	434826829	-0.13
16:12:13	453243238	25.9	358675010	-7984.8	434827085	-0.134
16:12:13	453246380	26.2	358375021	-8016.3	434828274	-0.151
16:12:14	453245862	26.2	358075015	-8047.8	434828512	-0.154
16:12:14	453241191	25.6	357775009	-8079.3	434826274	-0.123
16:12:14	453233398	24.7	357475008	-8110.7	434826973	-0.132
16:12:15	453230694	24.4	357175010	-8142.2	434823684	-0.086
16:12:15	453230144	24.3	356875022	-8173.7	434820741	-0.045
16:12:16	453231183	24.5	356575013	-8205.2	434820150	-0.036
16:12:16	453227961	24.1	356275021	-8236.6	434820034	-0.035
16:12:16	453227317	24.0	355975019	-8268.1	434820009	-0.034
16:12:17	453229475	24.3	355675018	-8299.6	434825719	-0.115
16:12:17	453229909	24.3	355375018	-8331.1	434824578	-0.099
16:12:18	453228858	24.2	355075014	-8362.5	434826630	-0.128
16:12:18	453225210	23.8	354775018	-8394.0	434829328	-0.166
16:12:19	453224484	23.7	354475009	-8425.5	434828724	-0.157
16:12:19	453230059	24.3	354175021	-8457.0	434829746	-0.172
16:12:19	453231171	24.5	353875023	-8488.4	434829949	-0.174
16:12:20	453232535	24.6	353575025	-8519.9	434824275	-0.094
16:12:20	453237379	25.2	353275015	-8551.4	434821998	-0.062
16:12:21	453241781	25.7	352975014	-8582.9	434822685	-0.072
16:12:21	453249516	26.6	352675017	-8614.3	434821680	-0.058
16:12:21	453251053	26.8	352375015	-8645.8	434822627	-0.071
16:12:22	453244513	26.0	352075022	-8677.3	434821671	-0.058
16:12:22	453246633	26.3	351775022	-8708.8	434820337	-0.039
16:12:23	453248198	26.4	351475015	-8740.2	434824639	-0.1
16:12:23	453247374	26.4	351175018	-8771.7	434827790	-0.144
16:12:23	453243780	25.9	350875011	-8803.2	434826133	-0.121
16:12:24	453241907	25.7	350575017	-8834.7	434824658	-0.1
16:12:24	453242683	25.8	350275019	-8866.1	434825507	-0.112
16:12:25	453246270	26.2	349975020	-8897.6	434823387	-0.082
16:12:25	453244696	26.0	349675014	-8929.1	434820680	-0.044
16:12:25	453244379	26.0	349375017	-8960.6	434818996	-0.02
16:12:26	453242024	25.7	349075012	-8992.0	434818660	-0.015
16:12:26	453246132	26.2	348775007	-9023.5	434819735	-0.03
16:12:27	453243517	25.9	348475016	-9055.0	434819950	-0.033
16:12:27	453237295	25.2	348175022	-9086.5	434821137	-0.05
16:12:27	453232618	24.6	347875018	-9117.9	434822514	-0.07
16:12:28	453235113	24.9	347575022	-9149.4	434822791	-0.074
16:12:28	453232182	24.6	347275023	-9180.9	434820559	-0.042
16:12:29	453237310	25.2	346975019	-9212.4	434818973	-0.02
16:12:29	453234910	24.9	346675014	-9243.9	434819796	-0.031
16:12:29	453235573	25.0	346375012	-9275.3	434821107	-0.05
16:12:30	453242556	25.8	346075018	-9306.8	434820223	-0.037
16:12:30	453247383	26.4	345775016	-9338.3	434818904	-0.019
16:12:31	453250636	26.7	345475020	-9369.8	434822067	-0.063
16:12:31	453254709	27.2	345175024	-9401.2	434821560	-0.056
16:12:31	453250957	26.8	344875015	-9432.7	434823746	-0.087
16:12:32	453252494	27.0	344575011	-9464.2	434821892	-0.061
16:12:32	453255076	27.3	344275012	-9495.7	434821526	-0.056
16:12:33	453251034	26.8	343975017	-9527.1	434819167	-0.022
16:12:33	453253643	27.1	343675015	-9558.6	434817549	0.0
16:12:34	453250739	26.7	343375018	-9590.1	434816081	0.021
16:12:34	453247879	26.4	343075011	-9621.6	434816931	0.009
16:12:34	453247305	26.3	342775017	-9653.0	434815961	0.023
16:12:35	453242613	25.8	342475018	-9684.5	434815763	0.026
16:12:35	453239389	25.4	342175017	-9716.0	434815727	0.026
16:12:36	453237611	25.2	341875020	-9747.5	434815720	0.026
16:12:36	453238390	25.3	341575011	-9778.9	434819144	-0.022
16:12:36	453237400	25.2	341275016	-9810.4	434817547	0.0
16:12:37	453236068	25.0	340975014	-9841.9	434819509	-0.027
16:12:37	453239229	25.4	340675017	-9873.4	434817619	-0.001
16:12:38	453245578	26.1	340375017	-9904.8	434818381	-0.011
16:12:38	453243414	25.9	340075022	-9936.3	434815106	0.035
16:12:38	453241845	25.7	339775019	-9967.8	434815592	0.028
